    5.5481   13.8433
   10.9203   -4.0799
  -13.7144    1.4343
  -11.7368    1.1877
   -5.5799    9.1484
   11.0014    2.3209
   16.9308    6.6194
   13.4517  -13.0982
  -14.0413   10.9932
  -10.9799    9.7160
    9.3635   12.9492
   -1.1544  -10.1475
   15.3481   -9.6654
   11.7598  -14.5124
   -4.8853  -16.5267
   -4.4802   -9.3752
   11.8197   -7.0333
   15.0270   -7.2071
   -0.5369  -14.7694
   -5.1204  -13.2611
    5.2417  -14.6483
   14.2548    1.0362
   -7.8268   10.9887
    1.2381   13.1189
  -11.4133  -12.6315
   10.0476   -8.0471
  -10.1754  -10.1082
  -12.0217   -1.4204
   -8.4374   12.5384
  -13.0727   13.9767
    7.1300   18.6138
   13.1483   13.7383
   12.5749  -12.5164
   14.3826  -12.9298
   -3.3355  -14.1162
    6.6060    7.7494
   -6.2281  -12.3511
   -1.6637  -17.1834
  -14.4416    9.8537
   -4.9553  -12.1035
   12.1442   -9.7083
   16.1656    9.8872
    9.1963   17.6399
   13.3036    4.3191
  -16.0685   -0.4082
   -4.8519   11.9910
  -11.5138    7.2044
   14.9418   -5.8120
    3.6454  -18.3741
   -9.4724   -4.2348
   -0.1348  -12.3909
    6.6794   13.1348
   13.7762  -13.8938
    0.1167   17.1104
    4.3323  -16.1827
   -1.3579  -15.7115
    5.5904   -8.7321
  -14.5758   11.3026
    1.6935   16.4448
    8.1259  -17.7677
  -13.0076  -14.0402
    2.6102   13.0259
   -7.0874    7.9649
   12.2305   -8.8834
   -7.5974  -13.0009
    3.1597   13.4888
  -10.1717   -0.7228
    2.1037   17.3486
   13.0407    6.0951
    2.6914   15.9022
  -10.8391    7.3824
  -15.9843  -11.2528
    5.5097   10.8079
   16.9761    2.7551
   -8.9857   -6.6021
   -1.2800  -19.1639
   -1.2478  -11.3519
  -14.9227    5.1623
  -17.1905   -4.6652
   15.5655   -8.2110
   14.9294    2.2793
   11.1442    6.9259
   16.8592    4.1421
   -8.4686   10.4984
    6.2705   14.8384
    4.4567   17.2081
   15.9094    6.3156
   -5.7108  -16.0165
    9.0561    4.2869
   15.9231    3.6304
   -3.8325  -10.7352
    1.5032   18.3426
    7.2807   10.1499
   12.5440   11.5598
    1.0669   12.4208
  -11.9075   -0.6446
   15.6793    3.2599
   -5.7410   13.2019
   16.1711    7.5807
   17.9939   -0.7717
  -11.6479    2.9052
    9.2388    6.8671
   -8.4359   16.8644
  -10.6162  -10.0513
   17.9058   -5.5543
   19.1991   -4.9194
   -0.7927  -13.4261
   -9.1159   17.3154
   -2.1000  -11.3362
   -7.4799   10.7809
   -0.0186  -18.6212
   12.0414   -0.2358
    9.5429  -14.8771
  -14.9488   10.7475
   18.3659    4.9201
    1.1828  -18.2864
    0.7677  -17.2935
  -13.0151   -2.3578
   -8.7156   13.0066
   -4.0650   10.2456
   -8.9498   14.6611
    9.3436   17.4217
    4.4743  -16.1468
    6.4275  -16.9787
   15.5991   -0.8271
    3.2129  -14.6655
  -16.4625   -7.9316
  -10.6500    0.9560
   15.8527   -6.4024
  -10.7149   -4.7244
   -7.4739   14.9866
  -10.7051  -14.6849
  -15.4614  -11.3114
    3.1483   11.5801
   -6.7204   16.9303
    8.0197   11.9656
   -8.8241   17.2174
   -1.9221   13.6190
    9.8677    4.4523
    3.6032  -13.1481
   10.7374   -9.0985
  -12.1365   14.4715
    3.6719   13.7410
   10.2676    0.3490
  -13.3917   14.6752
   12.8135    9.0477
   11.6424   -1.8923
    3.2768   13.7526
    0.5837   13.8562
   12.4155  -15.1294
    6.9901   15.3061
   12.7573  -10.4225
   -7.2109   16.2953
  -13.8688    9.7991
  -18.3573   -5.3092
   -1.3065  -15.0476
   14.6911    9.1302
   -2.4869   16.5702
  -11.0222   12.2618
   12.2336   -4.1010
   11.8149   -6.2564
    7.6103   17.4150
    9.8594    8.8151
   14.9666  -10.3406
   17.9977   -3.9494
    8.2113   -8.0053
   -1.6231  -15.8269
   13.5483    0.1196
   -5.1412  -10.8763
    6.1903   10.0330
   13.5010   -6.4790
  -12.7497  -12.8988
    1.1249   19.3264
    5.0907   14.7315
   18.2741   -7.1656
   -2.8859   16.5883
   14.8145    0.3108
  -10.6725   16.0573
   17.3781    5.7511
    7.2716   16.9432
   -2.9298   10.4255
  -14.0502    5.3389
   17.3620   -3.4055
    2.3730  -15.5617
   17.1290   -1.4330
    8.2318   11.2551
   -5.1197  -14.4699
    5.5589  -18.7175
   16.1331    2.0029
  -10.9287    2.6852
   -4.6680  -15.9763
   11.3051  -12.2238
    6.1034   15.8503
   16.8793   -1.6346
   14.7917    7.9140
  -16.6755    8.4075
  -13.4790   12.2805
  -12.2101  -13.0568
  -16.0257   -8.1059
   13.4006  -13.3072
   -4.5588   17.8962
   -6.7256   17.2192
   11.1575    9.4814
   -1.2180  -15.1831
   -8.8786   -4.8331
    6.2330   10.9936
  -12.6094   11.1099
   10.6454   14.4569
  -11.7056    4.0150
   -2.1677   15.9564
  -12.0141  -14.0202
  -11.0175  -13.7285
   10.0946  -10.3436
    9.8558    3.8775
  -10.8878   11.4311
    2.1905   16.3387
   11.6874  -16.2070
  -10.3445    1.2948
  -11.4649    6.8834
  -12.8714   12.4560
  -15.5427   -9.3962
    1.4046   17.3502
    8.4705   15.6614
   -6.6271  -17.5914
   -1.7245   14.7996
    1.2454  -17.7078
   -4.4641  -14.0800
   12.3627   10.0460
   -7.3451  -15.1693
    8.1863   11.0778
   11.2491  -14.8081
    2.7166   19.7163
  -15.3162    5.5373
   15.7949   -9.4692
   -2.9699  -15.0317
  -13.1974    8.1396
   -0.8734  -16.4174
   15.0603   -3.4719
   12.7709   -9.3045
    1.7101   11.8524
  -18.1645    5.3840
  -16.2919    0.3069
   13.2540   -2.3693
    0.8255   16.1647
   -7.2865  -13.9606
    9.5644   -9.6771
    4.8792  -18.3885
   15.0244  -10.7031
   -8.1885   12.6021
    9.1727   -4.1194
  -11.4067    2.4903
    6.3857   12.0601
  -11.7316    3.5529
    6.5891  -17.4184
   -7.9663  -11.2837
  -17.7779   -0.0115
  -11.4359   -7.9123
  -11.2720  -15.6881
   11.7772   -8.0270
   10.8604   12.3142
  -15.1854  -12.9625
  -12.8442    5.6723
   12.2015    8.0087
  -18.2144   -0.8573
   -1.1779  -10.9173
   13.3216   13.3094
   -9.4591   -6.4664
    5.1355    8.8802
  -11.3759    5.9639
  -18.7034    5.1678
   -3.3122  -18.4737
  -10.3706    0.5523
   12.9631   -6.0324
   16.5299    2.1482
   -3.0884   17.2580
   -5.6912   10.3820
   10.8281    1.3386
   -8.2714   12.7982
   -8.7965  -17.5676
   -1.0653   18.0926
  -14.3909   -5.6007
  -10.9042    0.5359
   -1.5273   14.5037
  -17.4293    5.4427
  -15.3239  -12.1855
   -4.9780  -12.1019
   -9.1062    9.4784
   16.1399    9.1805
  -12.8862  -15.2749
    4.5277   10.9190
   12.5220   14.3419
   12.0744  -13.4196
    4.0363  -10.6593
   18.6729   -4.6517
  -17.3407   -3.3618
   14.0782   -7.4291
    7.4796   18.1194
   13.1637    3.9116
   -4.2203   18.7248
  -11.2575  -11.0027
    4.1296   17.8181
    1.1320   10.1908
  -16.3111   -7.6138
    3.0398  -17.5023
  -17.1021   -8.3736
  -18.4065    6.2306
  -15.3832    8.3536
   -2.1938   15.0775
  -15.2195  -10.3991
  -10.4206    0.8750
  -16.7122  -10.8022
   -8.1173  -16.6589
  -10.9770   -5.9977
    2.6867   11.0378
    8.2699   -6.7133
   -0.1594  -16.4898
   18.8390    3.4969
   -1.9195  -16.3102
   12.4187    5.5822
  -11.9887   -9.3557
   -7.4254  -11.8748
    0.1771   16.9948
  -15.1820   12.7710
   -3.6465  -11.2756
   15.6955    4.7209
   16.6259   -8.9555
   -0.3230  -13.7415
   13.1905   13.2320
   12.2773    6.9368
    5.4666   16.6126
  -12.9156    6.4773
   -2.9485  -14.5237
   13.6080   -4.6670
    7.5232   -9.4778
    7.3891  -16.8708
  -19.5434   -1.1626
   14.0631  -11.1494
  -13.2565   14.9253
    0.1871   18.1700
  -18.1896    0.0551
   -5.7494  -19.0747
  -13.2298  -14.0959
  -16.3765   -3.6015
  -13.6678    0.2711
    4.7325  -13.6329
    3.5485   17.4223
  -12.5058    4.8684
    0.1599   12.6952
   -5.8918  -18.7252
    4.6967  -19.3479
    0.0573  -17.0269
   14.1312    3.5844
   -6.9528   15.5071
   -3.8877  -14.1922
  -14.0517   -1.2172
    0.2236  -16.0995
   10.8959   -5.1318
    8.7577   12.5987
  -10.5407   -7.2795
    2.1420   17.2326
   14.4456    0.5497
   10.9777   12.1144
    7.6576  -15.9892
    8.5641    5.5768
  -16.8144    4.5387
  -15.5115    7.0070
  -17.1204   -6.5639
   11.4133  -15.4608
   12.9100    5.9055
   13.0342    3.0740
   14.2638   12.6283
   -2.1102  -14.7698
    2.1361  -11.1497
  -11.3023   11.7279
   -7.9329   11.6289
   -9.8243    5.2128
    4.6037  -18.1860
  -16.3399    2.9658
  -17.0880   -7.4910
  -12.4541    5.5959
   -9.7107   -4.9760
    7.9668  -14.6160
  -18.4464    3.4868
  -16.6551   -4.5035
   -5.5130   13.0285
    9.6011   12.1652
    3.7832   17.3760
   11.5131   -9.2615
   13.8837   -0.5439
    3.0941  -10.0567
   16.0384   -5.4521
  -19.1628    2.3886
  -10.9282   -5.6391
    8.1888   16.6247
  -15.3257   -8.8089
   13.4733   -3.0082
    9.2441   14.2619
  -14.4942    3.8375
  -16.3858    9.7692
  -16.0902   -4.7189
  -13.2387   14.2567
  -18.3645    0.6301
    3.1414   18.6600
    6.5808  -13.5632
   13.7682   -4.6495
   -1.6550   13.8557
   18.1725    5.2087
   18.5943    7.3369
   11.4057   -6.3462
  -17.7991    0.4300
    8.7417   16.9616
  -15.4219   -8.1664
   18.1411   -2.7886
   -5.1172  -16.9036
  -13.1410    1.8201
   10.6017   -6.7795
   -8.4267  -13.9495
   16.1971    7.2177
   -4.2638   13.7109
   -2.1425   10.6485
   -5.3848   12.8334
    9.7315   13.5711
    7.0064   -7.6836
    9.4038  -17.4815
   14.3997   -9.2237
   10.8209    7.3261
  -11.0888   -1.2173
   14.1482    9.4156
  -13.2902    7.4416
  -18.2316   -1.5031
  -11.1699   -7.8809
    3.0722  -15.9787
  -11.4594   14.8209
   -8.9182   16.4298
    5.7057   -9.3299
   -3.2660   10.0103
    9.7659  -13.2865
   -2.7078   12.6802
  -15.1827   -3.6926
   -7.6160   17.6989
  -19.9138   -0.8063
    8.5449   10.7952
  -10.3285    7.1148
   19.6841   -2.9612
   -5.0120   -9.9667
    7.7794    8.9038
   -0.2345   17.0170
   -8.1060  -14.7036
   -8.4108   -8.6732
   -5.2168   -9.6956
    2.9656   14.8984
    1.5239  -18.1816
   -8.0909   16.6186
    4.6267    9.9565
   15.7831   10.7329
  -15.4200   -4.5751
   -7.9952   14.2855
   19.1708   -3.6210
    2.8054   14.4277
    0.5285   17.7361
   10.7592   14.7242
  -11.0010    3.3077
    3.8948   17.9873
    5.9586   14.0084
   18.1160   -0.9213
   17.5504   -0.4953
   -8.1902  -15.9938
   16.7335    6.2592
  -17.2344    3.9661
  -15.9622   -6.9791
    0.5052  -11.2074
  -10.2763   15.0694
  -14.2329   -8.2908
   11.4449    4.6760
  -11.7870  -15.5645
   11.4266   -2.2614
   -0.4351  -13.7159
  -11.2042   14.5300
  -13.3634   -5.1425
   18.1719    0.9318
   10.4947    1.7791
  -10.9811   -9.6413
   -1.0853  -15.7234
   -7.5877  -14.6515
  -15.6830   -9.4574
   -1.8984  -12.5170
    0.5311   17.0132
    5.7274   14.0624
   15.7927    9.4510
   -9.9504  -17.0794
   -7.4216   10.7398
   10.9709   -3.1692
   -7.7820   15.6046
   18.4041   -2.2334
  -14.8721    5.6450
   -7.8520  -10.3712
  -15.1579   11.7775
   11.7518   -9.4468
   -8.7813   15.5519
   -0.3759   16.2671