   3.8526   -9.2281
   -8.5124    5.2478
   -7.4662    6.6525
   -9.8946   -1.4480
    7.7905   -6.2696
   -8.3032    5.5729
   -7.9250   -6.0987
    8.2777    5.6106
   -5.1434    8.5759
    6.1369    7.8955
    0.3216    9.9948
   -7.2453    6.8924
   -1.2733    9.9186
    2.1447    9.7673
   -6.6727   -7.4481
    3.0732   -9.5161
    2.5772    9.6622
    7.9497   -6.0665
   -0.2695   -9.9964
   -9.7398   -2.2663
    9.8225   -1.8760
   -9.1805   -3.9647
    2.0162    9.7946
    6.2653   -7.7940
    6.4705   -7.6245
   -3.8734    9.2194
   -4.6506    8.8528
    5.3590   -8.4428
   -9.9890    0.4690
    9.4729    3.2036
    1.7514   -9.8454
   -8.9573    4.4460
   -1.8715    9.8233
   -5.0095    8.6548
   -6.7041    7.4199
    2.7774   -9.6066
    9.7060    2.4071
   -1.4607   -9.8927
    6.9674   -7.1732
   -2.2314    9.7479
   -5.5244   -8.3356
    1.1356    9.9353
   -7.2051   -6.9344
    8.9065    4.5468
    9.7826   -2.0736
   -7.7063   -6.3728
   -7.4475    6.6735
    9.8161    1.9090
    6.2556   -7.8017
   -7.9573   -6.0565
    5.7675   -8.1692
   -9.9958   -0.2900
    9.9876    0.4968
    8.7349   -4.8685
   -8.4669    5.3208
   -1.1057   -9.9387
    5.8215    8.1308
    3.9849   -9.1717
    8.4299   -5.3793
    1.7467   -9.8463
    0.4474   -9.9900
   -8.2778    5.6106
   -2.9764   -9.5468
   -9.1660   -3.9980
   -8.6158   -5.0761
   -5.6164    8.2738
   -2.8361   -9.5894
    5.3124    8.4722
    9.9995    0.0951
   -9.2508   -3.7978
   -9.5765   -2.8793
   -9.4944   -3.1396
   -3.4148   -9.3989
    8.9801   -4.3997
    9.3919   -3.4340
    8.2090   -5.7107
   -7.9358   -6.0846
    8.9443   -4.4720
    7.4197    6.7044
   -5.4007    8.4162
    9.7349    2.2874
   -9.7108   -2.3876
   -0.8016   -9.9678
    4.1882    9.0807
   -8.9454    4.4700
    8.1573    5.7843
   -3.2820    9.4461
    1.8814   -9.8214
   -9.7316   -2.3015
    1.1954   -9.9283
   -6.4252   -7.6627
    7.8297   -6.2206
    9.2817    3.7215
    4.4967    8.9320
   -8.6497    5.0182
   -0.6410   -9.9794
    7.8221   -6.2301
    9.8684    1.6173
    6.4915    7.6066
   -8.8839    4.5909
   22.9140   -9.9581
   12.1176   -1.5294
   22.2815   -9.9960
   26.8286    8.7570
   17.3333   -8.8443
   14.6526   -6.7835
   31.9907    0.4300
   21.3862   -9.9811
   31.9865   -0.5190
   28.9283    7.2110
   15.5976    7.6817
   25.6185    9.3224
   19.7816   -9.7508
   26.3787    8.9904
   31.9659   -0.8254
   31.9430    1.0661
   31.6890    2.4745
   25.3478   -9.4230
   28.3642   -7.7134
   12.8540   -4.0436
   22.2584   -9.9967
   12.0751   -1.2231
   13.4216   -5.1392
   25.6384    9.3146
   12.0023   -0.2162
   31.4926    3.1448
   31.3853    3.4521
   16.8989    8.6011
   15.1961   -7.3285
   29.7837   -6.2780
   17.3706   -8.8639
   18.0439   -9.1842
   18.6567   -9.4246
   25.0801   -9.5138
   16.6739   -8.4636
   12.0784   -1.2494
   17.0871    8.7100
   31.1568   -4.0191
   22.2213    9.9976
   12.0248   -0.7035
   21.3920   -9.9815
   21.7381    9.9966
   27.6512   -8.2501
   12.2860   -2.3744
   30.4479   -5.3510
   16.0863    8.0640
   31.1856   -3.9527
   30.9863   -4.3870
   13.4802   -5.2357
   30.0246    5.9671
   15.2989    7.4226
   20.3832    9.8684
   20.9903    9.9489
   23.4688    9.8915
   31.9997    0.0830
   29.8242   -6.2275
   12.4238    2.8804
   13.1896   -4.7304
   17.9936    9.1624
   31.9929   -0.3758
   31.9488   -1.0103
   31.7529   -2.2091
   16.9782   -8.6476
   20.5076   -9.8880
   16.9615    8.6379
   12.1022   -1.4260
   20.5379    9.8925
   20.0262   -9.8033
   23.7513   -9.8455
   30.7307    4.8760
   23.7762    9.8410
   24.8526    9.5845
   14.8890   -7.0309
   20.4484   -9.8789
   27.0560   -8.6277
   31.9296    1.1844
   24.9634    9.5508
   12.1880    1.9298
   14.7797    6.9186
   16.6209    8.4300
   31.2060    3.9051
   22.7117   -9.9746
   13.8127    5.7417
   17.4204   -8.8897
   12.5105   -3.1544
   31.4819    3.1771
   18.4655    9.3545
   31.7652   -2.1542
   31.0873   -4.1737
   14.7957    6.9353
   14.6109   -6.7380
   12.7620   -3.8288
   26.8484   -8.7460
   31.6489   -2.6267
   30.8956    4.5682
   29.6254   -6.4694
   12.7599   -3.8238
   25.4255    9.3950
   23.7841    9.8396
   19.2562   -9.6162
   35.7919   -5.7120
   35.4343   -5.1603
   53.8047   -1.9667
   35.2902   -4.9132
   52.0975    5.8677
   49.0035    8.6582
   52.0121    5.9838
   50.0670    7.9493
   39.2689   -8.8100
   37.6187   -7.6992
   37.0438    7.1841
   49.2050    8.5386
   36.3142    6.3975
   47.0888   -9.5110
   35.9175    5.8883
   44.3216   -9.9948
   41.1974    9.5992
   37.6260   -7.7054
   51.5060   -6.6076
   46.5086    9.6802
   34.0761    1.2311
   51.5841    6.5177
   50.7362    7.3908
   53.2023    3.9139
   52.7842    4.7788
   37.0163   -7.1574
   35.5121    5.2873
   37.5577   -7.6483
   50.2061   -7.8412
   44.8519   -9.9636
   53.8880   -1.4923
   45.9686   -9.8043
   53.1920   -3.9378
   43.3189   -9.9768
   43.7726    9.9974
   42.0799   -9.8139
   40.5248   -9.3767
   45.4599   -9.8929
   43.8252   -9.9985
   39.8343    9.0910
   34.0215   -0.6549
   45.4442   -9.8952
   35.0285   -4.4172
   53.5825   -2.8592
   48.7307    8.8102
   52.3489   -5.5041
   44.1394   -9.9990
   41.7466    9.7428
   37.0368   -7.1773
   34.2715    2.3144
   50.8711    7.2655
   34.4776   -3.0534
   53.8170   -1.9041
   34.6536    3.5559
   35.5893   -5.4093
   51.6661    6.4211
   47.0990    9.5077
   49.2001    8.5416
   53.7328    2.2964
   42.5770    9.8982
   45.2450    9.9222
   37.6965    7.7631
   50.6440    7.4737
   53.9996   -0.0883
   34.0361   -0.8485
   36.3818    6.4779
   44.0093   10.0000
   37.3986    7.5114
   35.9448    5.9257
   52.9469   -4.4669
   34.0040    0.2844
   36.2624   -6.3348
   53.9954    0.3021
   35.4811   -5.2372
   45.7170   -9.8515
   38.4931   -8.3471
   34.1578   -1.7697
   48.5831   -8.8879
   53.7227   -2.3385
   40.1015    9.2088
   46.9155   -9.5656
   41.8078    9.7568
   53.9562    0.9345
   52.3007    5.5766
   39.2529    8.8014
   40.5792    9.3967
   53.9360    1.1299
   49.2407    8.5168
   34.6129    3.4471
   45.0517   -9.9445
   39.8137   -9.0816
   41.7902   -9.7528
   34.3176    2.5002
   52.7408   -4.8578
   53.9759   -0.6941
   53.1166   -4.1094
   34.2908    2.3941
   52.2681   -5.6249
   36.4389    6.5444
   36.0227   -6.0301
    1.7096  -15.6999
   16.6644  -20.2410
    8.8305   -2.2382
    5.8189  -20.5532
    2.9940  -17.9920
    5.4554  -20.3221
    7.3226   -2.7007
    6.0922   -3.2872
   14.7863   -2.7445
   19.0649   -6.0875
    8.7228   -2.2627
    4.8796   -4.0918
    1.2514  -14.2281
   20.9834  -12.5757
   20.8437  -10.2388
    8.4846  -21.6785
   19.2763  -17.6127
   17.6521  -19.4665
   18.3253   -5.1927
   20.6077  -14.7733
    1.6815   -8.3714
   18.1048  -19.0372
   17.6108  -19.5031
    4.8635   -4.1043
    4.2072  -19.3388
   17.5918  -19.5198
   20.9131  -10.6849
   19.8576   -7.3585
    3.8532   -5.0055
   16.9188   -3.9397
   20.7714   -9.8740
   13.0125  -21.7954
    6.3349   -3.1549
   15.1138  -21.1146
   15.6170   -3.1297
    6.5228  -20.9417
   18.0977  -19.0443
   11.4494  -21.9899
   12.2767   -2.0818
    4.6770   -4.2527
    4.4738   -4.4231
    9.9062   -2.0600
    5.7856   -3.4671
   19.5441   -6.8039
    1.4596   -9.0032
    1.4030   -9.1898
   20.8340  -10.1857
    4.4865  -19.5878
   20.3102   -8.3504
   15.8617   -3.2614
    7.0101  -21.1695
    1.5820  -15.3618
   20.9928  -11.6208
    8.6298   -2.2849
    3.8577   -5.0009
   17.0547   -4.0413
   19.9233   -7.4862
    1.3027   -9.5583
    4.1365   -4.7273
   15.5151  -20.9227
    1.2768  -14.3366
   15.1161  -21.1136
    1.3082   -9.5363
   20.9611  -11.1194
   20.9951  -11.6869
   16.0239   -3.3536
    4.3427   -4.5380
    9.0159  -21.8012
   16.3888   -3.5762
    9.2021   -2.1630
    4.8679  -19.8992
    8.6836   -2.2720
    6.6327   -3.0041
   16.5992   -3.7145
    3.3893   -5.5133
   18.9297  -18.0926
   18.6149  -18.4817
    3.1521   -5.8023
    6.4857  -20.9231
   10.8609   -2.0010
   20.5103  -15.0909
    3.9148  -19.0569
   13.6722   -2.3636
   18.7189   -5.6425
    1.8438  -16.0204
    9.4770   -2.1167
   20.0169   -7.6761
   16.4403   -3.6093
   20.5198   -8.9385
    6.7925  -21.0718
   12.9821  -21.8016
   14.5268  -21.3574
   10.0556   -2.0447
   18.9361  -18.0843
    3.2148  -18.2762
   20.9591  -11.0964
    5.4297   -3.6950
    1.2229  -14.0995
    4.0527  -19.1927
    1.5548   -8.7155
   36.7457  -21.2720
   39.1376   -4.1051
   42.8752  -13.5749
   38.0232  -20.6468
   27.6364   -3.5601
   25.5506  -18.6713
   29.6863   -2.5650
   41.4695   -6.6832
   23.0913  -13.3484
   37.5562  -20.9017
   33.8739  -21.9617
   42.4637  -15.2309
   27.9884   -3.3465
   25.3054   -5.6131
   38.8568   -3.8946
   27.9798   -3.3514
   23.5634  -15.3092
   23.4952  -15.1077
   38.3359   -3.5426
   40.4136   -5.2890
   24.9637   -6.0487
   37.8935  -20.7209
   36.9714   -2.8224
   23.0001  -12.0494
   40.0124   -4.8708
   39.5956  -19.5165
   34.0440  -21.9454
   23.8064  -15.9342
   25.3121   -5.6049
   23.0192  -11.3807
   40.5797  -18.5229
   41.2725  -17.6183
   23.0005  -11.8988
   23.1681  -13.8261
   41.4332  -17.3741
   24.1948  -16.7402
   34.6130  -21.8690
   27.7159  -20.4899
   23.1812  -10.1050
   34.8882   -2.1799
   25.0065  -18.0087
   37.0142   -2.8410
   36.2386   -2.5389
   39.4702  -19.6247
   40.0422   -4.9001
   26.8998  -19.9238
   23.7656   -8.1626
   25.4002  -18.4995
   32.2143  -21.9691
   29.7145   -2.5551
   42.6378   -9.3329
   38.1178  -20.5911
   26.1863   -4.6806
   27.7130  -20.4881
   40.9292  -18.0933
   31.4916   -2.1144
   42.9991  -12.1320
   38.0554  -20.6280
   35.5686  -21.6645
   27.4633  -20.3273
   23.3741  -14.7097
   25.4294   -5.4665
   37.3843  -20.9877
   24.7410  -17.6382
   34.9750  -21.8030
   42.9700  -12.7737
   35.3805  -21.7125
   39.0253  -19.9809
   23.0408  -11.0973
   40.0156  -19.1261
   27.9721   -3.3559
   35.7708   -2.3915
   23.0063  -11.6455
   42.8084  -10.0516
   37.6834  -20.8355
   32.1054   -2.0401
   28.6006  -20.9803
   35.7213  -21.6226
   28.8473  -21.0970
   27.1608  -20.1181
   33.7945   -2.0316
   23.1006  -10.5850
   42.2126  -15.8895
   33.5587   -2.0156
   35.5408   -2.3282
   31.5927   -2.0995
   34.6151  -21.8687
   28.1049   -3.2800
   25.0249  -18.0330
   37.0282   -2.8472
   41.5278   -6.7772
   29.3822   -2.6774
   34.1986   -2.0721
   41.4158  -17.4013
   42.2239  -15.8625
   42.8001  -10.0104
   24.6817  -17.5503
   42.6234   -9.2815
   24.0927   -7.4547
   23.0918  -13.3518